Optimized (L/D=132.24)
 1.000000  0.000000
 0.999889  0.000033
 0.999556  0.000130
 0.999000  0.000293
 0.998223  0.000520
 0.997224  0.000811
 0.996004  0.001165
 0.994564  0.001582
 0.992904  0.002060
 0.991025  0.002599
 0.988927  0.003196
 0.986612  0.003851
 0.984081  0.004562
 0.981335  0.005327
 0.978374  0.006145
 0.975201  0.007014
 0.971817  0.007931
 0.968223  0.008894
 0.964421  0.009902
 0.960412  0.010952
 0.956199  0.012042
 0.951783  0.013169
 0.947166  0.014330
 0.942351  0.015524
 0.937338  0.016747
 0.932132  0.017997
 0.926733  0.019271
 0.921144  0.020566
 0.915368  0.021881
 0.909408  0.023211
 0.903266  0.024554
 0.896944  0.025908
 0.890446  0.027270
 0.883774  0.028636
 0.876932  0.030005
 0.869922  0.031375
 0.862748  0.032741
 0.855412  0.034102
 0.847919  0.035455
 0.840270  0.036798
 0.832471  0.038129
 0.824524  0.039445
 0.816432  0.040745
 0.808200  0.042025
 0.799831  0.043284
 0.791328  0.044521
 0.782696  0.045732
 0.773938  0.046918
 0.765059  0.048075
 0.756062  0.049203
 0.746951  0.050300
 0.737730  0.051364
 0.728403  0.052395
 0.718975  0.053392
 0.709450  0.054353
 0.699831  0.055277
 0.690124  0.056164
 0.680332  0.057013
 0.670460  0.057823
 0.660512  0.058594
 0.650493  0.059326
 0.640406  0.060017
 0.630258  0.060669
 0.620051  0.061280
 0.609792  0.061850
 0.599483  0.062381
 0.589130  0.062871
 0.578738  0.063320
 0.568310  0.063730
 0.557853  0.064099
 0.547369  0.064429
 0.536864  0.064720
 0.526343  0.064973
 0.515811  0.065186
 0.505271  0.065362
 0.494729  0.065501
 0.484189  0.065602
 0.473657  0.065667
 0.463136  0.065696
 0.452631  0.065690
 0.442147  0.065649
 0.431690  0.065574
 0.421262  0.065465
 0.410870  0.065323
 0.400517  0.065149
 0.390208  0.064943
 0.379949  0.064705
 0.369742  0.064436
 0.359594  0.064137
 0.349507  0.063808
 0.339488  0.063450
 0.329540  0.063062
 0.319668  0.062646
 0.309876  0.062202
 0.300169  0.061729
 0.290550  0.061229
 0.281025  0.060702
 0.271597  0.060148
 0.262270  0.059567
 0.253049  0.058960
 0.243938  0.058326
 0.234941  0.057667
 0.226062  0.056982
 0.217304  0.056270
 0.208672  0.055534
 0.200169  0.054772
 0.191800  0.053985
 0.183568  0.053172
 0.175476  0.052335
 0.167529  0.051472
 0.159730  0.050585
 0.152081  0.049673
 0.144588  0.048737
 0.137252  0.047776
 0.130078  0.046791
 0.123068  0.045781
 0.116226  0.044748
 0.109554  0.043690
 0.103056  0.042609
 0.096734  0.041505
 0.090592  0.040378
 0.084632  0.039228
 0.078856  0.038055
 0.073267  0.036860
 0.067868  0.035643
 0.062662  0.034405
 0.057649  0.033146
 0.052834  0.031866
 0.048217  0.030567
 0.043801  0.029248
 0.039588  0.027911
 0.035579  0.026555
 0.031777  0.025182
 0.028183  0.023792
 0.024799  0.022386
 0.021626  0.020965
 0.018665  0.019530
 0.015919  0.018081
 0.013388  0.016620
 0.011073  0.015147
 0.008975  0.013663
 0.007096  0.012170
 0.005436  0.010668
 0.003996  0.009158
 0.002776  0.007642
 0.001777  0.006120
 0.001000  0.004594
 0.000444  0.003065
 0.000111  0.001533
 0.000000  0.000000
 0.000111  0.000000
 0.000444  0.000000
 0.001000  0.000000
 0.001777  0.000000
 0.002776  0.000000
 0.003996  0.000000
 0.005436  0.000000
 0.007096  0.000000
 0.008975  0.000000
 0.011073  0.000000
 0.013388  0.000000
 0.015919  0.000000
 0.018665  0.000000
 0.021626  0.000000
 0.024799  0.000000
 0.028183  0.000000
 0.031777  0.000000
 0.035579  0.000000
 0.039588  0.000000
 0.043801  0.000000
 0.048217  0.000000
 0.052834  0.000000
 0.057649  0.000000
 0.062662  0.000000
 0.067868  0.000000
 0.073267  0.000000
 0.078856  0.000000
 0.084632  0.000000
 0.090592  0.000000
 0.096734  0.000000
 0.103056  0.000000
 0.109554  0.000000
 0.116226  0.000000
 0.123068  0.000000
 0.130078  0.000000
 0.137252  0.000000
 0.144588  0.000000
 0.152081  0.000000
 0.159730  0.000000
 0.167529  0.000000
 0.175476  0.000000
 0.183568  0.000000
 0.191800  0.000000
 0.200169  0.000000
 0.208672  0.000000
 0.217304  0.000000
 0.226062  0.000000
 0.234941  0.000000
 0.243938  0.000000
 0.253049  0.000000
 0.262270  0.000000
 0.271597  0.000000
 0.281025  0.000000
 0.290550  0.000000
 0.300169  0.000000
 0.309876  0.000000
 0.319668  0.000000
 0.329540  0.000000
 0.339488  0.000000
 0.349507  0.000000
 0.359594  0.000000
 0.369742  0.000000
 0.379949  0.000000
 0.390208  0.000000
 0.400517  0.000000
 0.410870  0.000000
 0.421262  0.000000
 0.431690  0.000000
 0.442147  0.000000
 0.452631  0.000000
 0.463136  0.000000
 0.473657  0.000000
 0.484189  0.000000
 0.494729  0.000000
 0.505271  0.000000
 0.515811  0.000000
 0.526343  0.000000
 0.536864  0.000000
 0.547369  0.000000
 0.557853  0.000000
 0.568310  0.000000
 0.578738  0.000000
 0.589130  0.000000
 0.599483  0.000000
 0.609792  0.000000
 0.620051  0.000000
 0.630258  0.000000
 0.640406  0.000000
 0.650493  0.000000
 0.660512  0.000000
 0.670460  0.000000
 0.680332  0.000000
 0.690124  0.000000
 0.699831  0.000000
 0.709450  0.000000
 0.718975  0.000000
 0.728403  0.000000
 0.737730  0.000000
 0.746951  0.000000
 0.756062  0.000000
 0.765059  0.000000
 0.773938  0.000000
 0.782696  0.000000
 0.791328  0.000000
 0.799831  0.000000
 0.808200  0.000000
 0.816432  0.000000
 0.824524  0.000000
 0.832471  0.000000
 0.840270  0.000000
 0.847919  0.000000
 0.855412  0.000000
 0.862748  0.000000
 0.869922  0.000000
 0.876932  0.000000
 0.883774  0.000000
 0.890446  0.000000
 0.896944  0.000000
 0.903266  0.000000
 0.909408  0.000000
 0.915368  0.000000
 0.921144  0.000000
 0.926733  0.000000
 0.932132  0.000000
 0.937338  0.000000
 0.942351  0.000000
 0.947166  0.000000
 0.951783  0.000000
 0.956199  0.000000
 0.960412  0.000000
 0.964421  0.000000
 0.968223  0.000000
 0.971817  0.000000
 0.975201  0.000000
 0.978374  0.000000
 0.981335  0.000000
 0.984081  0.000000
 0.986612  0.000000
 0.988927  0.000000
 0.991025  0.000000
 0.992904  0.000000
 0.994564  0.000000
 0.996004  0.000000
 0.997224  0.000000
 0.998223  0.000000
 0.999000  0.000000
 0.999556  0.000000
 0.999889  0.000000
 1.000000  0.000000
